1 2 1433.36
1 3 1650.66
1 4 1616.94
1 5 1462.34
1 6 121.795
1 7 782.036
1 8 1123.61
1 9 1069.18
1 10 548.471
1 11 384.721
1 12 318.002
1 13 627.638
1 14 567.902
1 15 510.819
1 16 700.332
1 17 793.738
1 18 951.571
1 19 903.816
1 20 456.075
1 21 1516.58
1 22 814.631
1 23 243.189
1 24 798.37
1 25 409.293
1 26 959.1
1 27 1367.24
1 28 530.024
1 29 871.03
1 30 351.757
1 31 1313.35
1 32 1242.88
1 33 459.001
1 34 872.624
1 35 271.118
1 36 542.015
1 37 494.353
1 38 1494.49
1 39 1313.61
1 40 1349.91
1 41 1315.34
1 42 1117.96
1 43 1244.19
1 44 1332.06
1 45 618.876
1 46 815.619
1 47 755.344
1 48 1514.06
1 49 1046.81
1 50 422.191
2 1 1433.36
2 3 738.442
2 4 598.719
2 5 682.246
2 6 1330.41
2 7 725.526
2 8 1287.72
2 9 1519.31
2 10 1283.31
2 11 1358.1
2 12 1638.25
2 13 1933.77
2 14 866
2 15 1649.13
2 16 995.254
2 17 708.865
2 18 907.291
2 19 2065.87
2 20 1205.78
2 21 1081.17
2 22 740.463
2 23 1208.11
2 24 733.736
2 25 1648.05
2 26 1828.91
2 27 236.394
2 28 1199.8
2 29 1011.26
2 30 1556.84
2 31 320.141
2 32 520.089
2 33 1496.22
2 34 561.001
2 35 1460.69
2 36 1374.13
2 37 1292.76
2 38 776.728
2 39 1255.9
2 40 357.062
2 41 1233.19
2 42 974.684
2 43 234.957
2 44 586.941
2 45 1631.57
2 46 975.094
2 47 816.134
2 48 143.892
2 49 432.945
2 50 1039.42
3 1 1650.66
3 2 738.442
3 4 1332
3 5 1417.35
3 6 1588.54
3 7 1214.75
3 8 926.264
3 9 1201.23
3 10 1254.44
3 11 1402.59
3 12 1937.05
3 13 2256.85
3 14 1182.87
3 15 1636.53
3 16 979.801
3 17 880.082
3 18 1516.73
3 19 1964.18
3 20 1253.44
3 21 469.777
3 22 1263.54
3 23 1409.18
3 24 1241.61
3 25 1689.35
3 26 1620.25
3 27 966.554
3 28 1204.71
3 29 862.175
3 30 1611.94
3 31 1037.94
3 32 1221.84
3 33 1893.31
3 34 963.748
3 35 1789.87
3 36 1334.59
3 37 1725.04
3 38 1511.84
3 39 780.857
3 40 436.904
3 41 755.844
3 42 655.989
3 43 653.003
3 44 1308.54
3 45 2060.12
3 46 1534.13
3 47 1323.32
3 48 860.098
3 49 722.95
3 50 1380.51
4 1 1616.94
4 2 598.719
4 3 1332
4 5 216.622
4 6 1496.91
4 7 838.979
4 8 1811.68
4 9 2010.32
4 10 1659.63
4 11 1679.16
4 12 1720.91
4 13 1960.33
4 14 1098.7
4 15 1970.6
4 16 1414.68
4 17 1105.93
4 18 758.264
4 19 2408.65
4 20 1549.32
4 21 1673.31
4 22 802.309
4 23 1444.8
4 24 819.333
4 25 1934.35
4 26 2247.92
4 27 404.283
4 28 1569.91
4 29 1488.87
4 30 1844.31
4 31 382.472
4 32 374.436
4 33 1500.55
4 34 857.875
4 35 1539.95
4 36 1743.93
4 37 1293.58
4 38 275.414
4 39 1815.54
4 40 949.27
4 41 1794.6
4 42 1515.43
4 43 771.622
4 44 292.412
4 45 1582.08
4 46 888.699
4 47 864.452
4 48 472.271
4 49 894.232
4 50 1195.99
5 1 1462.34
5 2 682.246
5 3 1417.35
5 4 216.622
5 6 1340.83
5 7 704.727
5 8 1784.69
5 9 1960.64
5 10 1565.84
5 11 1564.8
5 12 1540.09
5 13 1765.92
5 14 979.326
5 15 1850.16
5 16 1346.08
5 17 1044.12
5 18 560.276
5 19 2289.31
5 20 1446.56
5 21 1711.67
5 22 656.22
5 23 1310.25
5 24 678.617
5 25 1803.03
5 26 2160.15
5 27 450.877
5 28 1476.32
5 29 1444.05
5 30 1715.07
5 31 387.105
5 32 265.324
5 33 1308.02
5 34 782.812
5 35 1361.68
5 36 1645.51
5 37 1104.66
5 38 94.541
5 39 1814.27
5 40 1003.45
5 41 1795.16
5 42 1505.87
5 43 801.265
5 44 150.333
5 45 1379.68
5 46 696.564
5 47 707.956
5 48 585.325
5 49 876.804
5 50 1048.14
6 1 121.795
6 2 1330.41
6 3 1588.54
6 4 1496.91
6 5 1340.83
6 7 664.281
6 8 1130.15
6 9 1105.2
6 10 570.461
6 11 427.055
6 12 349.212
6 13 669.338
6 14 465.172
6 15 605.615
6 16 669.042
6 17 717.006
6 18 830.957
6 19 1014.35
6 20 457.01
6 21 1487.33
6 22 694.707
6 23 192.003
6 24 679.3
6 25 514.674
6 26 1039.64
6 27 1254.86
6 28 533.064
6 29 848.05
6 30 446.346
6 31 1198.52
6 32 1123.17
6 33 407.495
6 34 769.666
6 35 234.002
6 36 583.097
6 37 397.398
6 38 1372.7
6 39 1309
6 40 1267.22
6 41 1308.4
6 42 1090.07
6 43 1149.2
6 44 1211.22
6 45 580.719
6 46 695.937
6 47 634.281
6 48 1405.95
6 49 956.88
6 50 304.869
7 1 782.036
7 2 725.526
7 3 1214.75
7 4 838.979
7 5 704.727
7 6 664.281
7 8 1208.26
7 9 1330.12
7 10 878.661
7 11 861.966
7 12 931.013
7 13 1213.97
7 14 278.927
7 15 1145.5
7 16 706.74
7 17 458.682
7 18 358.113
7 19 1584.62
7 20 752.2
7 21 1317
7 22 68.593
7 23 607.752
7 24 37.2156
7 25 1099.84
7 26 1472.42
7 27 603.001
7 28 791.076
7 29 849.269
7 30 1011.14
7 31 538.466
7 32 464.824
7 33 770.873
7 34 253.476
7 35 749.294
7 36 952.605
7 37 567.651
7 38 755.255
7 39 1299
7 40 798.437
7 41 1286.02
7 42 994.741
7 43 610.659
7 44 563.141
7 45 908.258
7 46 326.657
7 47 108.6
7 48 770.754
7 49 492.001
7 50 359.872
8 1 1123.61
8 2 1287.72
8 3 926.264
8 4 1811.68
8 5 1784.69
8 6 1130.15
8 7 1208.26
8 9 275.036
8 10 578.031
8 11 751.671
8 12 1440.88
8 13 1737.74
8 14 982.554
8 15 860.718
8 16 521.215
8 17 760.342
8 18 1563.58
8 19 1084.7
8 20 673.576
8 21 537.034
8 22 1276.84
8 23 946.33
8 24 1245.47
8 25 956.201
8 26 708.006
8 27 1412.78
8 28 597.599
8 29 359.017
8 30 910.018
8 31 1430.77
8 32 1522.22
8 33 1531.82
8 34 1019.94
8 35 1364
8 36 610.966
8 37 1451.65
8 38 1864.75
8 39 215.564
8 40 962.938
8 41 228.965
8 42 317.402
8 43 1062.4
8 44 1637.1
8 45 1708.42
8 46 1497.01
8 47 1289.24
8 48 1429.71
8 49 917.724
8 50 1106.41
9 1 1069.18
9 2 1519.31
9 3 1201.23
9 4 2010.32
9 5 1960.64
9 6 1105.2
9 7 1330.12
9 8 275.036
9 10 537.261
9 11 684.854
9 12 1374.4
9 13 1646.54
9 14 1073.81
9 15 697.749
9 16 624.649
9 17 916.708
9 18 1672.3
9 19 839.253
9 20 665.391
9 21 801.051
9 22 1397.66
9 23 942.644
9 24 1366.58
9 25 811.104
9 26 445.477
9 27 1620.93
9 28 595.102
9 29 521.492
9 30 788.575
9 31 1627.94
9 32 1695.39
9 33 1512.34
9 34 1179.37
9 35 1331.41
9 36 527.186
9 37 1469.24
9 38 2034.57
9 39 460.114
9 40 1212.37
9 41 480.337
9 42 575.501
9 43 1287.65
9 44 1810.7
9 45 1682.56
9 46 1586.49
9 47 1395.8
9 48 1658.17
9 49 1121.49
9 50 1155.89
10 1 548.471
10 2 1283.31
10 3 1254.44
10 4 1659.63
10 5 1565.84
10 6 570.461
10 7 878.661
10 8 578.031
10 9 537.261
10 11 175.368
10 12 864.19
10 13 1159.93
10 14 601.446
10 15 388.129
10 16 298.739
10 17 578.135
10 18 1190.44
10 19 782.897
10 20 135.823
10 21 1020.25
10 22 940.887
10 23 405.967
10 24 911.927
10 25 435.85
10 26 594.909
10 27 1311.34
10 28 89.8053
10 29 395.324
10 30 364.386
10 31 1291.65
10 32 1306.01
10 33 977.921
10 34 802.674
10 35 800.488
10 36 91.0824
10 37 933.287
10 38 1626.57
10 39 776.693
10 40 1072.05
10 41 781.361
10 42 633.984
10 43 1053.68
10 44 1417.1
10 45 1150.53
10 46 1087.83
10 47 921.284
10 48 1402.53
10 49 850.366
10 50 637.781
11 1 384.721
11 2 1358.1
11 3 1402.59
11 4 1679.16
11 5 1564.8
11 6 427.055
11 7 861.966
11 8 751.671
11 9 684.854
11 10 175.368
11 12 695.547
11 13 986.201
11 14 585.496
11 15 294.717
11 16 424.807
11 17 651.228
11 18 1139.19
11 19 729.747
11 20 157.258
11 21 1191.35
11 22 917.458
11 23 298.216
11 24 891.318
11 25 297.33
11 26 639.175
11 27 1356.86
11 28 198.295
11 29 555.742
11 30 211.766
11 31 1325.91
11 32 1313.48
11 33 830.877
11 34 837.471
11 35 647.538
11 36 157.892
11 37 812.562
11 38 1617.2
11 39 951.972
11 40 1183.33
11 41 956.728
11 42 800.416
11 43 1136.89
11 44 1419.64
11 45 998.676
11 46 1023.35
11 47 884.338
11 48 1467.11
11 49 929.914
11 50 565.471
12 1 318.002
12 2 1638.25
12 3 1937.05
12 4 1720.91
12 5 1540.09
12 6 349.212
12 7 931.013
12 8 1440.88
12 9 1374.4
12 10 864.19
12 11 695.547
12 13 320.131
12 14 789.163
12 15 751.399
12 16 1010.52
12 17 1062.22
12 18 987.265
12 19 1064.49
12 20 773.853
12 21 1829.1
12 22 942.109
12 23 536.615
12 24 935.547
12 25 630.536
12 26 1210.78
12 27 1534.01
12 28 848.009
12 29 1185.2
12 30 608.398
12 31 1467.07
12 32 1357.97
12 33 278.095
12 34 1084.96
12 35 182.702
12 36 849.944
12 37 443.227
12 38 1553.4
12 39 1631.6
12 40 1605.81
12 41 1633.26
12 42 1430.67
12 43 1473.89
12 44 1428.61
12 45 370.207
12 46 846.929
12 47 869.874
12 48 1698.89
12 49 1289.94
12 50 600.508
13 1 627.638
13 2 1933.77
13 3 2256.85
13 4 1960.33
13 5 1765.92
13 6 669.338
13 7 1213.97
13 8 1737.74
13 9 1646.54
13 10 1159.93
13 11 986.201
13 12 320.131
13 14 1100.34
13 15 978.336
13 16 1326.77
13 17 1380.69
13 18 1205.66
13 19 1199.04
13 20 1081.36
13 21 2144.11
13 22 1214.9
13 23 855.649
13 24 1213.11
13 25 854.88
13 26 1424.19
13 27 1812.57
13 28 1153.53
13 29 1498.67
13 30 859.549
13 31 1739.87
13 32 1611.55
13 33 460.114
13 34 1389.05
13 35 478.163
13 36 1133.54
13 37 669.33
13 38 1765.92
13 39 1934.72
13 40 1920.01
13 41 1937.8
13 42 1745.48
13 43 1780.4
13 44 1669.31
13 45 411.885
13 46 1071.74
13 47 1139.56
13 48 1984.59
13 49 1601.85
13 50 906.312
14 1 567.902
14 2 866
14 3 1182.87
14 4 1098.7
14 5 979.326
14 6 465.172
14 7 278.927
14 8 982.554
14 9 1073.81
14 10 601.446
14 11 585.496
14 12 789.163
14 13 1100.34
14 15 873.204
14 16 463.243
14 17 311.771
14 18 599.167
14 19 1312.17
14 20 473.482
14 21 1183.64
14 22 339.536
14 23 354.81
14 24 310.981
14 25 836.666
14 26 1194.09
14 27 807.273
14 28 515.009
14 29 629.02
14 30 746.09
14 31 761.92
14 32 729.4
14 33 710.6
14 34 305.002
14 35 622.693
14 36 673.9
14 37 548.835
14 38 1033.19
14 39 1103.19
14 40 820.41
14 41 1094.02
14 42 818.184
14 43 686.211
14 44 834.324
14 45 877.884
14 46 516.4
14 47 323.892
14 48 947.152
14 49 501.523
14 50 198.645
15 1 510.819
15 2 1649.13
15 3 1636.53
15 4 1970.6
15 5 1850.16
15 6 605.615
15 7 1145.5
15 8 860.718
15 9 697.749
15 10 388.129
15 11 294.717
15 12 751.399
15 13 978.336
15 14 873.204
15 16 684.904
15 17 940.538
15 18 1399.09
15 19 439.186
15 20 443.355
15 21 1364.14
15 22 1197.39
15 23 549.386
15 24 1172.85
15 25 123.762
15 26 459.527
15 27 1651.58
15 28 457.857
15 29 774.355
15 30 159.703
15 31 1620.14
15 32 1602.6
15 33 961.691
15 34 1132.14
15 35 774.667
15 36 302.662
15 37 1001.14
15 38 1898.85
15 39 1075.64
15 40 1457.31
15 41 1086.67
15 42 998.769
15 43 1424.98
15 44 1706.82
15 45 1106.65
15 46 1274.33
15 47 1157.67
15 48 1760.4
15 49 1218.64
15 50 824.175
16 1 700.332
16 2 995.254
16 3 979.801
16 4 1414.68
16 5 1346.08
16 6 669.042
16 7 706.74
16 8 521.215
16 9 624.649
16 10 298.739
16 11 424.807
16 12 1010.52
16 13 1326.77
16 14 463.243
16 15 684.904
16 17 309.071
16 18 1054.48
16 19 1077.39
16 20 273.651
16 21 818.841
16 22 774.729
16 23 477.062
16 24 743.487
16 25 718.187
16 26 841.477
16 27 1045.17
16 28 230.217
16 29 183.412
16 30 636.116
16 31 1036.7
16 32 1081.11
16 33 1047.81
16 34 563.645
16 35 898
16 36 388.959
16 37 943.552
16 38 1416.31
16 39 662.034
16 40 773.334
16 41 657.062
16 42 421.043
16 43 762.617
16 44 1195.75
16 45 1225.8
16 46 979.435
16 47 777.946
16 48 1120.13
16 49 564.065
16 50 589.211
17 1 793.738
17 2 708.865
17 3 880.082
17 4 1105.93
17 5 1044.12
17 6 717.006
17 7 458.682
17 8 760.342
17 9 916.708
17 10 578.135
17 11 651.228
17 12 1062.22
17 13 1380.69
17 14 311.771
17 15 940.538
17 16 309.071
17 18 816.708
17 19 1358.6
17 20 497.305
17 21 879.673
17 22 526.243
17 23 551.305
17 24 495.445
17 25 944.875
17 26 1148.43
17 27 738.082
17 28 492.448
17 29 405.72
17 30 854.729
17 31 727.641
17 32 778.816
17 33 1016.45
17 34 263.281
17 35 910.229
17 36 668.186
17 37 860.572
17 38 1118.04
17 39 840.402
17 40 557.503
17 41 827.336
17 42 536.85
17 43 485.708
17 44 894.074
17 45 1186.83
17 46 771.975
17 47 552.381
17 48 824.679
17 49 278.686
17 50 504.386
18 1 951.571
18 2 907.291
18 3 1516.73
18 4 758.264
18 5 560.276
18 6 830.957
18 7 358.113
18 8 1563.58
18 9 1672.3
18 10 1190.44
18 11 1139.19
18 12 987.265
18 13 1205.66
18 14 599.167
18 15 1399.09
18 16 1054.48
18 17 816.708
18 19 1830.08
18 20 1056.87
18 21 1664.28
18 22 290.558
18 23 850.866
18 24 321.263
18 25 1330.08
18 26 1772.66
18 27 708.515
18 28 1107.67
18 29 1204.67
18 30 1249.2
18 31 619.794
18 32 441.454
18 33 747.991
18 34 591.798
18 35 813.123
18 36 1253.99
18 37 546.927
18 38 566.379
18 39 1657.09
18 40 1083.26
18 41 1644
18 42 1352.16
18 43 873.02
18 44 472.374
18 45 824.01
18 46 140.89
18 47 276.725
18 48 896.315
18 49 810.571
18 50 576.011
19 1 903.816
19 2 2065.87
19 3 1964.18
19 4 2408.65
19 5 2289.31
19 6 1014.35
19 7 1584.62
19 8 1084.7
19 9 839.253
19 10 782.897
19 11 729.747
19 12 1064.49
19 13 1199.04
19 14 1312.17
19 15 439.186
19 16 1077.39
19 17 1358.6
19 18 1830.08
19 20 868.332
19 21 1621.12
19 22 1636
19 23 985.012
19 24 1611.74
19 25 501.243
19 26 404.728
19 27 2082.58
19 28 866.294
19 29 1122.37
19 30 581.124
19 31 2054.61
19 32 2041.5
19 33 1317.32
19 34 1564.92
19 35 1140.74
19 36 691.902
19 37 1396.22
19 38 2337.44
19 39 1291.83
19 40 1845.08
19 41 1309.48
19 42 1308.39
19 43 1836.57
19 44 2145.99
19 45 1434.69
19 46 1701.58
19 47 1594.74
19 48 2183.06
19 49 1633
19 50 1258.28
20 1 456.075
20 2 1205.78
20 3 1253.44
20 4 1549.32
20 5 1446.56
20 6 457.01
20 7 752.2
20 8 673.576
20 9 665.391
20 10 135.823
20 11 157.258
20 12 773.853
20 13 1081.36
20 14 473.482
20 15 443.355
20 16 273.651
20 17 497.305
20 18 1056.87
20 19 868.332
20 21 1068.34
20 22 812.712
20 23 279.516
20 24 784.44
20 25 454.582
20 26 720.836
20 27 1214.3
20 28 76.0592
20 29 423.302
20 30 368.11
20 31 1188.18
20 32 1189.69
20 33 861.628
20 34 697.817
20 35 690.603
20 36 200.42
20 37 804.09
20 38 1504.3
20 39 858.149
20 40 1026.08
20 41 859.449
20 42 671.452
20 43 982.344
20 44 1298.98
20 45 1036.93
20 46 952.589
20 47 789.758
20 48 1317.85
20 49 775.687
20 50 501.977
21 1 1516.58
21 2 1081.17
21 3 469.777
21 4 1673.31
21 5 1711.67
21 6 1487.33
21 7 1317
21 8 537.034
21 9 801.051
21 10 1020.25
21 11 1191.35
21 12 1829.1
21 13 2144.11
21 14 1183.64
21 15 1364.14
21 16 818.841
21 17 879.673
21 18 1664.28
21 19 1621.12
21 20 1068.34
21 22 1379.52
21 23 1295.53
21 24 1351.21
21 25 1443.69
21 26 1243.17
21 27 1275.41
21 28 1001.37
21 29 646.074
21 30 1381.97
21 31 1325.63
21 32 1476.1
21 33 1854.02
21 34 1072.49
21 35 1713.9
21 36 1080.97
21 37 1724.14
21 38 1802.99
21 39 344.449
21 40 724.959
21 41 322.134
21 42 398.629
21 43 911.187
21 44 1580.51
21 45 2030.82
21 46 1641.57
21 47 1419.89
21 48 1221.05
21 49 869.428
21 50 1360.61
22 1 814.631
22 2 740.463
22 3 1263.54
22 4 802.309
22 5 656.22
22 6 694.707
22 7 68.593
22 8 1276.84
22 9 1397.66
22 10 940.887
22 11 917.458
22 12 942.109
22 13 1214.9
22 14 339.536
22 15 1197.39
22 16 774.729
22 17 526.243
22 18 290.558
22 19 1636
22 20 812.712
22 21 1379.52
22 23 654.224
22 24 31.4006
22 25 1147.02
22 26 1533.49
22 27 597.767
22 28 853.994
22 29 917.859
22 30 1059.48
22 31 526.047
22 32 428.488
22 33 764.122
22 34 310.015
22 35 759.456
22 36 1013.07
22 37 556.4
22 38 701.465
22 39 1366.65
22 40 841.043
22 41 1353.47
22 42 1061.65
22 43 645.368
22 44 519.351
22 45 891.852
22 46 271.046
22 47 76.4003
22 48 773.162
22 49 543.038
22 50 394.463
23 1 243.189
23 2 1208.11
23 3 1409.18
23 4 1444.8
23 5 1310.25
23 6 192.003
23 7 607.752
23 8 946.33
23 9 942.644
23 10 405.967
23 11 298.216
23 12 536.615
23 13 855.649
23 14 354.81
23 15 549.386
23 16 477.062
23 17 551.305
23 18 850.866
23 19 985.012
23 20 279.516
23 21 1295.53
23 22 654.224
23 24 631.808
23 25 492.8
23 26 937.081
23 27 1161.85
23 28 354.158
23 29 656.247
23 30 405.66
23 31 1116.34
23 32 1071.7
23 33 585.496
23 34 651.696
23 35 423.254
23 36 438.85
23 37 527.418
23 38 1354.38
23 39 1120.18
23 40 1108.29
23 41 1118.89
23 42 898.101
23 43 1010.26
23 44 1170.7
23 45 762.342
23 46 729.727
23 47 609.895
23 48 1297.46
23 49 809.534
23 50 275.045
24 1 798.37
24 2 733.736
24 3 1241.61
24 4 819.333
24 5 678.617
24 6 679.3
24 7 37.2156
24 8 1245.47
24 9 1366.58
24 10 911.927
24 11 891.318
24 12 935.547
24 13 1213.11
24 14 310.981
24 15 1172.85
24 16 743.487
24 17 495.445
24 18 321.263
24 19 1611.74
24 20 784.44
24 21 1351.21
24 22 31.4006
24 23 631.808
24 25 1124.51
24 26 1505.06
24 27 600.081
24 28 824.738
24 29 886.481
24 30 1036.45
24 31 531.542
24 32 444.927
24 33 765.572
24 34 283.981
24 35 753.17
24 36 984.85
24 37 559.658
24 38 726.323
24 39 1335.83
24 40 821.805
24 41 1322.75
24 42 1031.2
24 43 629.56
24 44 539.434
24 45 897.883
24 46 295.296
24 47 85.2115
24 48 772.193
24 49 519.773
24 50 376.719
25 1 409.293
25 2 1648.05
25 3 1689.35
25 4 1934.35
25 5 1803.03
25 6 514.674
25 7 1099.84
25 8 956.201
25 9 811.104
25 10 435.85
25 11 297.33
25 12 630.536
25 13 854.88
25 14 836.666
25 15 123.762
25 16 718.187
25 17 944.875
25 18 1330.08
25 19 501.243
25 20 454.582
25 21 1443.69
25 22 1147.02
25 23 492.8
25 24 1124.51
25 26 580.706
25 27 1632.77
25 28 488.172
25 29 831.1
25 30 91.7606
25 31 1595.05
25 32 1562.55
25 33 849.779
25 34 1113.45
25 35 664.569
25 36 363.617
25 37 903.581
25 38 1846.67
25 39 1169.13
25 40 1480.66
25 41 1178.48
25 42 1066.41
25 43 1430.3
25 44 1662.98
25 45 989.623
25 46 1200.6
25 47 1101.16
25 48 1752.39
25 49 1223.2
25 50 761.668
26 1 959.1
26 2 1828.91
26 3 1620.25
26 4 2247.92
26 5 2160.15
26 6 1039.64
26 7 1472.42
26 8 708.006
26 9 445.477
26 10 594.909
26 11 639.175
26 12 1210.78
26 13 1424.19
26 14 1194.09
26 15 459.527
26 16 841.477
26 17 1148.43
26 18 1772.66
26 19 404.728
26 20 720.836
26 21 1243.17
26 22 1533.49
26 23 937.081
26 24 1505.06
26 25 580.706
26 27 1886.24
26 28 684.05
26 29 828.321
26 30 610.737
26 31 1874.34
26 32 1899.25
26 33 1416.05
26 34 1390.18
26 35 1228.08
26 36 520.693
26 37 1436.42
26 38 2221.47
26 39 905
26 40 1563.6
26 41 924.555
26 42 969.683
26 43 1594.15
26 44 2011.06
26 45 1565.08
26 46 1660.83
26 47 1509.55
26 48 1958.28
26 49 1402.54
26 50 1203.05
27 1 1367.24
27 2 236.394
27 3 966.554
27 4 404.283
27 5 450.877
27 6 1254.86
27 7 603.001
27 8 1412.78
27 9 1620.93
27 10 1311.34
27 11 1356.86
27 12 1534.01
27 13 1812.57
27 14 807.273
27 15 1651.58
27 16 1045.17
27 17 738.082
27 18 708.515
27 19 2082.58
27 20 1214.3
27 21 1275.41
27 22 597.767
27 23 1161.85
27 24 600.081
27 25 1632.77
27 26 1886.24
27 28 1223.14
27 29 1100.35
27 30 1541.08
27 31 90.6863
27 32 291.158
27 33 1360.99
27 34 519.912
27 35 1352.15
27 36 1399.57
27 37 1151.97
27 38 545.322
27 39 1411.42
27 40 556.756
27 41 1390.39
27 42 1112.71
27 43 368.001
27 44 350.602
27 45 1480.68
27 46 796.076
27 47 673.513
27 48 187.8
27 49 499.485
27 50 951.732
28 1 530.024
28 2 1199.8
28 3 1204.71
28 4 1569.91
28 5 1476.32
28 6 533.064
28 7 791.076
28 8 597.599
28 9 595.102
28 10 89.8053
28 11 198.295
28 12 848.009
28 13 1153.53
28 14 515.009
28 15 457.857
28 16 230.217
28 17 492.448
28 18 1107.67
28 19 866.294
28 20 76.0592
28 21 1001.37
28 22 853.994
28 23 354.158
28 24 824.738
28 25 488.172
28 26 684.05
28 27 1223.14
28 29 359.778
28 30 407.534
28 31 1202.47
28 32 1216.28
28 33 937.405
28 34 713.173
28 35 766.658
28 36 176.491
28 37 876.316
28 38 1537.48
28 39 783.6
28 40 999.752
28 41 785.398
28 42 606.644
28 43 971.846
28 44 1327.48
28 45 1112.87
28 46 1008.52
28 47 836.588
28 48 1317.11
28 49 767.143
28 50 564.278
29 1 871.03
29 2 1011.26
29 3 862.175
29 4 1488.87
29 5 1444.05
29 6 848.05
29 7 849.269
29 8 359.017
29 9 521.492
29 10 395.324
29 11 555.742
29 12 1185.2
29 13 1498.67
29 14 629.02
29 15 774.355
29 16 183.412
29 17 405.72
29 18 1204.67
29 19 1122.37
29 20 423.302
29 21 646.074
29 22 917.859
29 23 656.247
29 24 886.481
29 25 831.1
29 26 828.321
29 27 1100.35
29 28 359.778
29 30 758.39
29 31 1106.46
29 32 1179.41
29 33 1230.86
29 34 668.305
29 35 1078.8
29 36 472.649
29 37 1125.93
29 38 1520.64
29 39 480.355
29 40 735.713
29 41 474.453
29 42 248.212
29 43 776.843
29 44 1294.78
29 45 1408.87
29 46 1140.48
29 47 930.776
29 48 1146.48
29 49 601.416
29 50 769.079
30 1 351.757
30 2 1556.84
30 3 1611.94
30 4 1844.31
30 5 1715.07
30 6 446.346
30 7 1011.14
30 8 910.018
30 9 788.575
30 10 364.386
30 11 211.766
30 12 608.398
30 13 859.549
30 14 746.09
30 15 159.703
30 16 636.116
30 17 854.729
30 18 1249.2
30 19 581.124
30 20 368.11
30 21 1381.97
30 22 1059.48
30 23 405.66
30 24 1036.45
30 25 91.7606
30 26 610.737
30 27 1541.08
30 28 407.534
30 29 758.39
30 31 1503.67
30 32 1473.02
30 33 805.688
30 34 1021.7
30 35 617.977
30 36 302.888
30 37 841.457
30 38 1760.02
30 39 1119.79
30 40 1393.52
30 41 1127.55
30 42 998.331
30 43 1339.85
30 44 1574.23
30 45 955.103
30 46 1121.87
30 47 1015.34
30 48 1660.74
30 49 1132.8
30 50 677.414
31 1 1313.35
31 2 320.141
31 3 1037.94
31 4 382.472
31 5 387.105
31 6 1198.52
31 7 538.466
31 8 1430.77
31 9 1627.94
31 10 1291.65
31 11 1325.91
31 12 1467.07
31 13 1739.87
31 14 761.92
31 15 1620.14
31 16 1036.7
31 17 727.641
31 18 619.794
31 19 2054.61
31 20 1188.18
31 21 1325.63
31 22 526.047
31 23 1116.34
31 24 531.542
31 25 1595.05
31 26 1874.34
31 27 90.6863
31 28 1202.47
31 29 1106.46
31 30 1503.67
31 32 201.467
31 33 1285.55
31 34 490.408
31 35 1284.62
31 36 1378.2
31 37 1075.76
31 38 480.067
31 39 1442.61
31 40 617.233
31 41 1422.46
31 42 1138.62
31 43 414.566
31 44 271.017
31 45 1400.72
31 46 711.292
31 47 600.563
31 48 277.354
31 49 513.066
31 50 893.9
32 1 1242.88
32 2 520.089
32 3 1221.84
32 4 374.436
32 5 265.324
32 6 1123.17
32 7 464.824
32 8 1522.22
32 9 1695.39
32 10 1306.01
32 11 1313.48
32 12 1357.97
32 13 1611.55
32 14 729.4
32 15 1602.6
32 16 1081.11
32 17 778.816
32 18 441.454
32 19 2041.5
32 20 1189.69
32 21 1476.1
32 22 428.488
32 23 1071.7
32 24 444.927
32 25 1562.55
32 26 1899.25
32 27 291.158
32 28 1216.28
32 29 1179.41
32 30 1473.02
32 31 201.467
32 33 1152.04
32 34 517.626
32 35 1175.79
32 36 1387.35
32 37 942.234
32 38 342.597
32 39 1558.9
32 40 791.184
32 41 1540.54
32 42 1248.86
32 43 577.894
32 44 115.382
32 45 1251.2
32 46 551.543
32 47 493
32 48 473.28
32 49 622.527
32 50 821.623
33 1 459.001
33 2 1496.22
33 3 1893.31
33 4 1500.55
33 5 1308.02
33 6 407.495
33 7 770.873
33 8 1531.82
33 9 1512.34
33 10 977.921
33 11 830.877
33 12 278.095
33 13 460.114
33 14 710.6
33 15 961.691
33 16 1047.81
33 17 1016.45
33 18 747.991
33 19 1317.32
33 20 861.628
33 21 1854.02
33 22 764.122
33 23 585.496
33 24 765.572
33 25 849.779
33 26 1416.05
33 27 1360.99
33 28 937.405
33 29 1230.86
33 30 805.688
33 31 1285.55
33 32 1152.04
33 34 971.393
33 35 188.13
33 36 988.26
33 37 210.288
33 38 1311.71
33 39 1702.91
33 40 1521.69
33 41 1700.48
33 42 1463.39
33 43 1361.91
33 44 1209.29
33 45 178.017
33 46 612.356
33 47 687.905
33 48 1537.16
33 49 1199.94
33 50 512.875
34 1 872.624
34 2 561.001
34 3 963.748
34 4 857.875
34 5 782.812
34 6 769.666
34 7 253.476
34 8 1019.94
34 9 1179.37
34 10 802.674
34 11 837.471
34 12 1084.96
34 13 1389.05
34 14 305.002
34 15 1132.14
34 16 563.645
34 17 263.281
34 18 591.798
34 19 1564.92
34 20 697.817
34 21 1072.49
34 22 310.015
34 23 651.696
34 24 283.981
34 25 1113.45
34 26 1390.18
34 27 519.912
34 28 713.173
34 29 668.305
34 30 1021.7
34 31 490.408
34 32 517.626
34 33 971.393
34 35 911.616
34 36 888.374
34 37 782.173
34 38 855.208
34 39 1083.96
34 40 557.219
34 41 1068.63
34 42 773.747
34 43 391.981
34 44 632.52
34 45 1124.52
34 46 579.211
34 47 361.707
34 48 645.821
34 49 241.249
34 50 484.514
35 1 271.118
35 2 1460.69
35 3 1789.87
35 4 1539.95
35 5 1361.68
35 6 234.002
35 7 749.294
35 8 1364
35 9 1331.41
35 10 800.488
35 11 647.538
35 12 182.702
35 13 478.163
35 14 622.693
35 15 774.667
35 16 898
35 17 910.229
35 18 813.123
35 19 1140.74
35 20 690.603
35 21 1713.9
35 22 759.456
35 23 423.254
35 24 753.17
35 25 664.569
35 26 1228.08
35 27 1352.15
35 28 766.658
35 29 1078.8
35 30 617.977
35 31 1284.62
35 32 1175.79
35 33 188.13
35 34 911.616
35 36 805.373
35 37 280.032
35 38 1377.89
35 39 1542.65
35 40 1442.95
35 41 1541.77
35 42 1318.27
35 43 1302.55
35 44 1247.85
35 45 351.194
35 46 672.269
35 47 687.177
35 48 1518.36
35 49 1124.02
35 50 428.18
36 1 542.015
36 2 1374.13
36 3 1334.59
36 4 1743.93
36 5 1645.51
36 6 583.097
36 7 952.605
36 8 610.966
36 9 527.186
36 10 91.0824
36 11 157.892
36 12 849.944
36 13 1133.54
36 14 673.9
36 15 302.662
36 16 388.959
36 17 668.186
36 18 1253.99
36 19 691.902
36 20 200.42
36 21 1080.97
36 22 1013.07
36 23 438.85
36 24 984.85
36 25 363.617
36 26 520.693
36 27 1399.57
36 28 176.491
36 29 472.649
36 30 302.888
36 31 1378.2
36 32 1387.35
36 33 988.26
36 34 888.374
36 35 805.373
36 37 962.711
36 38 1704.18
36 39 818.264
36 40 1161.95
36 41 825.397
36 42 703.301
36 43 1144.71
36 44 1497.45
36 45 1156.53
36 46 1145.95
36 47 989.049
36 48 1492.8
36 49 941.205
36 50 690.386
37 1 494.353
37 2 1292.76
37 3 1725.04
37 4 1293.58
37 5 1104.66
37 6 397.398
37 7 567.651
37 8 1451.65
37 9 1469.24
37 10 933.287
37 11 812.562
37 12 443.227
37 13 669.33
37 14 548.835
37 15 1001.14
37 16 943.552
37 17 860.572
37 18 546.927
37 19 1396.22
37 20 804.09
37 21 1724.14
37 22 556.4
37 23 527.418
37 24 559.658
37 25 903.581
37 26 1436.42
37 27 1151.97
37 28 876.316
37 29 1125.93
37 30 841.457
37 31 1075.76
37 32 942.234
37 33 210.288
37 34 782.173
37 35 280.032
37 36 962.711
37 38 1113.16
37 39 1605.59
37 40 1338
37 41 1600.36
37 42 1344.24
37 43 1168.53
37 44 1001.7
37 45 342.778
37 46 408.187
37 47 480.01
37 48 1329.46
37 49 1017.28
37 50 363.593
38 1 1494.49
38 2 776.728
38 3 1511.84
38 4 275.414
38 5 94.541
38 6 1372.7
38 7 755.255
38 8 1864.75
38 9 2034.57
38 10 1626.57
38 11 1617.2
38 12 1553.4
38 13 1765.92
38 14 1033.19
38 15 1898.85
38 16 1416.31
38 17 1118.04
38 18 566.379
38 19 2337.44
38 20 1504.3
38 21 1802.99
38 22 701.465
38 23 1354.38
38 24 726.323
38 25 1846.67
38 26 2221.47
38 27 545.322
38 28 1537.48
38 29 1520.64
38 30 1760.02
38 31 480.067
38 32 342.597
38 33 1311.71
38 34 855.208
38 35 1377.89
38 36 1704.18
38 37 1113.16
38 39 1899.6
38 40 1097.01
38 41 1880.86
38 42 1590.24
38 43 893.439
38 44 228.443
38 45 1371.73
38 46 706.474
38 47 746.043
38 48 678.136
38 49 962.142
38 50 1087
39 1 1313.61
39 2 1255.9
39 3 780.857
39 4 1815.54
39 5 1814.27
39 6 1309
39 7 1299
39 8 215.564
39 9 460.114
39 10 776.693
39 11 951.972
39 12 1631.6
39 13 1934.72
39 14 1103.19
39 15 1075.64
39 16 662.034
39 17 840.402
39 18 1657.09
39 19 1291.83
39 20 858.149
39 21 344.449
39 22 1366.65
39 23 1120.18
39 24 1335.83
39 25 1169.13
39 26 905
39 27 1411.42
39 28 783.6
39 29 480.355
39 30 1119.79
39 31 1442.61
39 32 1558.9
39 33 1702.91
39 34 1083.96
39 35 1542.65
39 36 818.264
39 37 1605.59
39 38 1899.6
39 40 908.613
39 41 25.2389
39 42 311.416
39 43 1046.72
39 44 1671.32
39 45 1880.71
39 46 1605.92
39 47 1389.85
39 48 1399.79
39 49 937.577
39 50 1249.42
40 1 1349.91
40 2 357.062
40 3 436.904
40 4 949.27
40 5 1003.45
40 6 1267.22
40 7 798.437
40 8 962.938
40 9 1212.37
40 10 1072.05
40 11 1183.33
40 12 1605.81
40 13 1920.01
40 14 820.41
40 15 1457.31
40 16 773.334
40 17 557.503
40 18 1083.26
40 19 1845.08
40 20 1026.08
40 21 724.959
40 22 841.043
40 23 1108.29
40 24 821.805
40 25 1480.66
40 26 1563.6
40 27 556.756
40 28 999.752
40 29 735.713
40 30 1393.52
40 31 617.233
40 32 791.184
40 33 1521.69
40 34 557.219
40 35 1442.95
40 36 1161.95
40 37 1338
40 38 1097.01
40 39 908.613
40 41 885.124
40 42 645.565
40 43 216.412
40 44 884.123
40 45 1679.45
40 46 1109.06
40 47 905.806
40 48 499.001
40 49 321.758
40 50 1017.5
41 1 1315.34
41 2 1233.19
41 3 755.844
41 4 1794.6
41 5 1795.16
41 6 1308.4
41 7 1286.02
41 8 228.965
41 9 480.337
41 10 781.361
41 11 956.728
41 12 1633.26
41 13 1937.8
41 14 1094.02
41 15 1086.67
41 16 657.062
41 17 827.336
41 18 1644
41 19 1309.48
41 20 859.449
41 21 322.134
41 22 1353.47
41 23 1118.89
41 24 1322.75
41 25 1178.48
41 26 924.555
41 27 1390.39
41 28 785.398
41 29 474.453
41 30 1127.55
41 31 1422.46
41 32 1540.54
41 33 1700.48
41 34 1068.63
41 35 1541.77
41 36 825.397
41 37 1600.36
41 38 1880.86
41 39 25.2389
41 40 885.124
41 42 295.061
41 43 1025.16
41 44 1652.68
41 45 1878.39
41 46 1594.62
41 47 1377.83
41 48 1377.08
41 49 918.726
41 50 1242.97
42 1 1117.96
42 2 974.684
42 3 655.989
42 4 1515.43
42 5 1505.87
42 6 1090.07
42 7 994.741
42 8 317.402
42 9 575.501
42 10 633.984
42 11 800.416
42 12 1430.67
42 13 1745.48
42 14 818.184
42 15 998.769
42 16 421.043
42 17 536.85
42 18 1352.16
42 19 1308.39
42 20 671.452
42 21 398.629
42 22 1061.65
42 23 898.101
42 24 1031.2
42 25 1066.41
42 26 969.683
42 27 1112.71
42 28 606.644
42 29 248.212
42 30 998.331
42 31 1138.62
42 32 1248.86
42 33 1463.39
42 34 773.747
42 35 1318.27
42 36 703.301
42 37 1344.24
42 38 1590.24
42 39 311.416
42 40 645.565
42 41 295.061
42 43 754.088
42 44 1361.83
42 45 1640.98
42 46 1307.92
42 47 1089.12
42 48 1117.6
42 49 629.293
42 50 981.634
43 1 1244.19
43 2 234.957
43 3 653.003
43 4 771.622
43 5 801.265
43 6 1149.2
43 7 610.659
43 8 1062.4
43 9 1287.65
43 10 1053.68
43 11 1136.89
43 12 1473.89
43 13 1780.4
43 14 686.211
43 15 1424.98
43 16 762.617
43 17 485.708
43 18 873.02
43 19 1836.57
43 20 982.344
43 21 911.187
43 22 645.368
43 23 1010.26
43 24 629.56
43 25 1430.3
43 26 1594.15
43 27 368.001
43 28 971.846
43 29 776.843
43 30 1339.85
43 31 414.566
43 32 577.894
43 33 1361.91
43 34 391.981
43 35 1302.55
43 36 1144.71
43 37 1168.53
43 38 893.439
43 39 1046.72
43 40 216.412
43 41 1025.16
43 42 754.088
43 44 675.015
43 45 1511.3
43 46 907.979
43 47 714.715
43 48 370.567
43 49 207.099
43 50 874.575
44 1 1332.06
44 2 586.941
44 3 1308.54
44 4 292.412
44 5 150.333
44 6 1211.22
44 7 563.141
44 8 1637.1
44 9 1810.7
44 10 1417.1
44 11 1419.64
44 12 1428.61
44 13 1669.31
44 14 834.324
44 15 1706.82
44 16 1195.75
44 17 894.074
44 18 472.374
44 19 2145.99
44 20 1298.98
44 21 1580.51
44 22 519.351
44 23 1170.7
44 24 539.434
44 25 1662.98
44 26 2011.06
44 27 350.602
44 28 1327.48
44 29 1294.78
44 30 1574.23
44 31 271.017
44 32 115.382
44 33 1209.29
44 34 632.52
44 35 1247.85
44 36 1497.45
44 37 1001.7
44 38 228.443
44 39 1671.32
44 40 884.123
44 41 1652.68
44 42 1361.83
44 43 675.015
44 45 1295.62
44 46 598.522
44 47 577.022
44 48 514.65
44 49 734.017
44 50 913.659
45 1 618.876
45 2 1631.57
45 3 2060.12
45 4 1582.08
45 5 1379.68
45 6 580.719
45 7 908.258
45 8 1708.42
45 9 1682.56
45 10 1150.53
45 11 998.676
45 12 370.207
45 13 411.885
45 14 877.884
45 15 1106.65
45 16 1225.8
45 17 1186.83
45 18 824.01
45 19 1434.69
45 20 1036.93
45 21 2030.82
45 22 891.852
45 23 762.342
45 24 897.883
45 25 989.623
45 26 1565.08
45 27 1480.68
45 28 1112.87
45 29 1408.87
45 30 955.103
45 31 1400.72
45 32 1251.2
45 33 178.017
45 34 1124.52
45 35 351.194
45 36 1156.53
45 37 342.778
45 38 1371.73
45 39 1880.71
45 40 1679.45
45 41 1878.39
45 42 1640.98
45 43 1511.3
45 44 1295.62
45 46 700.024
45 47 815.751
45 48 1661.79
45 49 1358.18
45 50 682.464
46 1 815.619
46 2 975.094
46 3 1534.13
46 4 888.699
46 5 696.564
46 6 695.937
46 7 326.657
46 8 1497.01
46 9 1586.49
46 10 1087.83
46 11 1023.35
46 12 846.929
46 13 1071.74
46 14 516.4
46 15 1274.33
46 16 979.435
46 17 771.975
46 18 140.89
46 19 1701.58
46 20 952.589
46 21 1641.57
46 22 271.046
46 23 729.727
46 24 295.296
46 25 1200.6
46 26 1660.83
46 27 796.076
46 28 1008.52
46 29 1140.48
46 30 1121.87
46 31 711.292
46 32 551.543
46 33 612.356
46 34 579.211
46 35 672.269
46 36 1145.95
46 37 408.187
46 38 706.474
46 39 1605.92
46 40 1109.06
46 41 1594.62
46 42 1307.92
46 43 907.979
46 44 598.522
46 45 700.024
46 47 221.678
46 48 982.182
46 49 814.079
46 50 457.949
47 1 755.344
47 2 816.134
47 3 1323.32
47 4 864.452
47 5 707.956
47 6 634.281
47 7 108.6
47 8 1289.24
47 9 1395.8
47 10 921.284
47 11 884.338
47 12 869.874
47 13 1139.56
47 14 323.892
47 15 1157.67
47 16 777.946
47 17 552.381
47 18 276.725
47 19 1594.74
47 20 789.758
47 21 1419.89
47 22 76.4003
47 23 609.895
47 24 85.2115
47 25 1101.16
47 26 1509.55
47 27 673.513
47 28 836.588
47 29 930.776
47 30 1015.34
47 31 600.563
47 32 493
47 33 687.905
47 34 361.707
47 35 687.177
47 36 989.049
47 37 480.01
47 38 746.043
47 39 1389.85
47 40 905.806
47 41 1377.83
47 42 1089.12
47 43 714.715
47 44 577.022
47 45 815.751
47 46 221.678
47 48 849.506
47 49 600.601
47 50 341.072
48 1 1514.06
48 2 143.892
48 3 860.098
48 4 472.271
48 5 585.325
48 6 1405.95
48 7 770.754
48 8 1429.71
48 9 1658.17
48 10 1402.53
48 11 1467.11
48 12 1698.89
48 13 1984.59
48 14 947.152
48 15 1760.4
48 16 1120.13
48 17 824.679
48 18 896.315
48 19 2183.06
48 20 1317.85
48 21 1221.05
48 22 773.162
48 23 1297.46
48 24 772.193
48 25 1752.39
48 26 1958.28
48 27 187.8
48 28 1317.11
48 29 1146.48
48 30 1660.74
48 31 277.354
48 32 473.28
48 33 1537.16
48 34 645.821
48 35 1518.36
48 36 1492.8
48 37 1329.46
48 38 678.136
48 39 1399.79
48 40 499.001
48 41 1377.08
48 42 1117.6
48 43 370.567
48 44 514.65
48 45 1661.79
48 46 982.182
48 47 849.506
48 49 556.203
48 50 1107.15
49 1 1046.81
49 2 432.945
49 3 722.95
49 4 894.232
49 5 876.804
49 6 956.88
49 7 492.001
49 8 917.724
49 9 1121.49
49 10 850.366
49 11 929.914
49 12 1289.94
49 13 1601.85
49 14 501.523
49 15 1218.64
49 16 564.065
49 17 278.686
49 18 810.571
49 19 1633
49 20 775.687
49 21 869.428
49 22 543.038
49 23 809.534
49 24 519.773
49 25 1223.2
49 26 1402.54
49 27 499.485
49 28 767.143
49 29 601.416
49 30 1132.8
49 31 513.066
49 32 622.527
49 33 1199.94
49 34 241.249
49 35 1124.02
49 36 941.205
49 37 1017.28
49 38 962.142
49 39 937.577
49 40 321.758
49 41 918.726
49 42 629.293
49 43 207.099
49 44 734.017
49 45 1358.18
49 46 814.079
49 47 600.601
49 48 556.203
49 50 697.141
50 1 422.191
50 2 1039.42
50 3 1380.51
50 4 1195.99
50 5 1048.14
50 6 304.869
50 7 359.872
50 8 1106.41
50 9 1155.89
50 10 637.781
50 11 565.471
50 12 600.508
50 13 906.312
50 14 198.645
50 15 824.175
50 16 589.211
50 17 504.386
50 18 576.011
50 19 1258.28
50 20 501.977
50 21 1360.61
50 22 394.463
50 23 275.045
50 24 376.719
50 25 761.668
50 26 1203.05
50 27 951.732
50 28 564.278
50 29 769.079
50 30 677.414
50 31 893.9
50 32 821.623
50 33 512.875
50 34 484.514
50 35 428.18
50 36 690.386
50 37 363.593
50 38 1087
50 39 1249.42
50 40 1017.5
50 41 1242.97
50 42 981.634
50 43 874.575
50 44 913.659
50 45 682.464
50 46 457.949
50 47 341.072
50 48 1107.15
50 49 697.141
